Program =RC_slab.v1.0= designed by G. Berezin in 2020
L/C 9
1_st analysis:
Solution: ok
Results after 152 iterations:
   Grade      Z   Strain1   Strain2     Stress1    Stress2   Angle      Area
0    B60   0.25  0.004544  0.000027         0.0        0.0  48.178       0.0
1    B60   0.24  0.004439  0.000025         0.0        0.0  48.178      0.02
2    B60   0.22  0.004228  0.000019         0.0        0.0  48.177      0.02
3    B60    0.2  0.004016  0.000013         0.0        0.0  48.176      0.02
4    B60   0.18  0.003805  0.000008         0.0        0.0  48.175      0.02
5    B60   0.16  0.003594  0.000002         0.0        0.0  48.174      0.02
6    B60   0.14  0.003383 -0.000004         0.0  -0.151035  48.173      0.02
7    B60   0.12  0.003172  -0.00001         0.0  -0.375316  48.171      0.02
8    B60    0.1   0.00296 -0.000015         0.0  -0.599596  48.169      0.02
9    B60   0.08  0.002749 -0.000021         0.0  -0.823877  48.167      0.02
10   B60   0.06  0.002538 -0.000027         0.0  -1.048158  48.165      0.02
11   B60   0.04  0.002327 -0.000032         0.0   -1.27244  48.163      0.02
12   B60   0.02  0.002116 -0.000038         0.0  -1.496722  48.159      0.02
13   B60    0.0  0.001904 -0.000044         0.0  -1.721004  48.156      0.02
14   B60  -0.02  0.001693 -0.000049         0.0  -1.945288  48.151      0.02
15   B60  -0.04  0.001482 -0.000055         0.0  -2.169573  48.145      0.02
16   B60  -0.06  0.001271 -0.000061         0.0  -2.393859  48.137      0.02
17   B60  -0.08  0.001059 -0.000066         0.0  -2.618148  48.126      0.02
18   B60   -0.1  0.000848 -0.000072         0.0  -2.842442  48.111      0.02
19   B60  -0.12  0.000637 -0.000078         0.0  -3.066744  48.086      0.02
20   B60  -0.14  0.000426 -0.000083         0.0  -3.291064  48.042      0.02
21   B60  -0.16  0.000215 -0.000089         0.0  -3.515441  47.938      0.02
22   B60  -0.18  0.000003 -0.000095         0.0  -3.740226    47.4      0.02
23   B60   -0.2   -0.0001 -0.000208   -3.963074  -8.206798 -41.077      0.02
24   B60  -0.22 -0.000106 -0.000419   -4.187802 -16.548972 -41.555      0.02
25   B60  -0.24 -0.000112  -0.00063   -4.412174 -20.935266 -41.654      0.02
26   B60  -0.25 -0.000115 -0.000736   -4.524337  -21.86535 -41.679       0.0
27  A500  0.178  0.001687       0.0  337.325561        0.0     0.0  0.002454
28  A500  0.153  0.001955       0.0  390.904504        0.0    90.0  0.002454
29  A500 -0.153   0.00012       0.0   24.067845        0.0    90.0  0.002454
30  A500 -0.178  -0.00004       0.0   -8.002742        0.0     0.0  0.002454
Convergence is reached !
     Given  Found         u
Nxx  -0.10  -0.10  0.000823
Nyy   0.10   0.10  0.001037
Nxy   0.00  -0.00  0.001936
Mxx   0.30   0.30  0.004850
Myy   0.30   0.30  0.005994
Mxy   0.05   0.05  0.010213
Job time: 0.2216 seconds
