Program =RC_frame.v1.0= designed by G. Berezin in 2020
L/C 4
1_st analysis:
Solution: ok
Results after 5 iterations:
    Grade     Zx     Zy Strain      Stress      Area
0     B30  -0.25   -0.2    0.0         0.0       0.0
1     B30  -0.25  -0.15    0.0       -17.0       0.0
2     B30  -0.25   -0.1    0.0       -17.0       0.0
3     B30  -0.25  -0.05    0.0       -17.0       0.0
4     B30  -0.25    0.0    0.0       -17.0       0.0
5     B30  -0.25   0.05    0.0  -16.960888       0.0
6     B30  -0.25    0.1    0.0  -15.595103       0.0
7     B30  -0.25   0.15    0.0  -14.229318       0.0
8     B30  -0.25    0.2    0.0  -12.863533       0.0
9     B30   0.25   -0.2    0.0         0.0       0.0
10    B30   0.25  -0.15    0.0         0.0       0.0
11    B30   0.25   -0.1    0.0         0.0       0.0
12    B30   0.25  -0.05    0.0         0.0       0.0
13    B30   0.25    0.0    0.0         0.0       0.0
14    B30   0.25   0.05    0.0         0.0       0.0
15    B30   0.25    0.1    0.0         0.0       0.0
16    B30   0.25   0.15    0.0         0.0       0.0
17    B30   0.25    0.2    0.0         0.0       0.0
18    B30   -0.2   -0.2    0.0       -17.0       0.0
19    B30  -0.15   -0.2    0.0       -17.0       0.0
20    B30   -0.1   -0.2    0.0       -17.0       0.0
21    B30  -0.05   -0.2    0.0       -17.0       0.0
22    B30    0.0   -0.2    0.0  -15.434214       0.0
23    B30   0.05   -0.2    0.0  -13.763094       0.0
24    B30    0.1   -0.2    0.0  -12.091975       0.0
25    B30   0.15   -0.2    0.0  -10.420855       0.0
26    B30    0.2   -0.2    0.0         0.0       0.0
27    B30   -0.2    0.2    0.0  -11.192413       0.0
28    B30  -0.15    0.2    0.0   -4.730421       0.0
29    B30   -0.1    0.2    0.0         0.0       0.0
30    B30  -0.05    0.2    0.0         0.0       0.0
31    B30    0.0    0.2    0.0         0.0       0.0
32    B30   0.05    0.2    0.0         0.0       0.0
33    B30    0.1    0.2    0.0         0.0       0.0
34    B30   0.15    0.2    0.0         0.0       0.0
35    B30    0.2    0.2    0.0         0.0       0.0
36    B30 -0.225 -0.175    0.0       -17.0    0.0025
37    B30 -0.175 -0.175    0.0       -17.0    0.0025
38    B30 -0.125 -0.175    0.0       -17.0    0.0025
39    B30 -0.075 -0.175    0.0       -17.0    0.0025
40    B30 -0.025 -0.175    0.0  -15.586882    0.0025
41    B30  0.025 -0.175    0.0  -13.915762    0.0025
42    B30  0.075 -0.175    0.0  -12.244642    0.0025
43    B30  0.125 -0.175    0.0  -10.573522    0.0025
44    B30  0.175 -0.175    0.0         0.0    0.0025
45    B30  0.225 -0.175    0.0         0.0    0.0025
46    B30 -0.225 -0.125    0.0       -17.0    0.0025
47    B30 -0.175 -0.125    0.0       -17.0    0.0025
48    B30 -0.125 -0.125    0.0       -17.0    0.0025
49    B30 -0.075 -0.125    0.0  -15.892216    0.0025
50    B30 -0.025 -0.125    0.0  -14.221097    0.0025
51    B30  0.025 -0.125    0.0  -12.549977    0.0025
52    B30  0.075 -0.125    0.0  -10.878857    0.0025
53    B30  0.125 -0.125    0.0   -2.203526    0.0025
54    B30  0.175 -0.125    0.0         0.0    0.0025
55    B30  0.225 -0.125    0.0         0.0    0.0025
56    B30 -0.225 -0.075    0.0       -17.0    0.0025
57    B30 -0.175 -0.075    0.0       -17.0    0.0025
58    B30 -0.125 -0.075    0.0  -16.197551    0.0025
59    B30 -0.075 -0.075    0.0  -14.526431    0.0025
60    B30 -0.025 -0.075    0.0  -12.855312    0.0025
61    B30  0.025 -0.075    0.0  -11.184192    0.0025
62    B30  0.075 -0.075    0.0   -4.664165    0.0025
63    B30  0.125 -0.075    0.0         0.0    0.0025
64    B30  0.175 -0.075    0.0         0.0    0.0025
65    B30  0.225 -0.075    0.0         0.0    0.0025
66    B30 -0.225 -0.025    0.0       -17.0    0.0025
67    B30 -0.175 -0.025    0.0  -16.502886    0.0025
68    B30 -0.125 -0.025    0.0  -14.831766    0.0025
69    B30 -0.075 -0.025    0.0  -13.160646    0.0025
70    B30 -0.025 -0.025    0.0  -11.489527    0.0025
71    B30  0.025 -0.025    0.0   -7.124804    0.0025
72    B30  0.075 -0.025    0.0         0.0    0.0025
73    B30  0.125 -0.025    0.0         0.0    0.0025
74    B30  0.175 -0.025    0.0         0.0    0.0025
75    B30  0.225 -0.025    0.0         0.0    0.0025
76    B30 -0.225  0.025    0.0  -16.808221    0.0025
77    B30 -0.175  0.025    0.0  -15.137101    0.0025
78    B30 -0.125  0.025    0.0  -13.465981    0.0025
79    B30 -0.075  0.025    0.0  -11.794861    0.0025
80    B30 -0.025  0.025    0.0   -9.585443    0.0025
81    B30  0.025  0.025    0.0         0.0    0.0025
82    B30  0.075  0.025    0.0         0.0    0.0025
83    B30  0.125  0.025    0.0         0.0    0.0025
84    B30  0.175  0.025    0.0         0.0    0.0025
85    B30  0.225  0.025    0.0         0.0    0.0025
86    B30 -0.225  0.075    0.0  -15.442436    0.0025
87    B30 -0.175  0.075    0.0  -13.771316    0.0025
88    B30 -0.125  0.075    0.0  -12.100196    0.0025
89    B30 -0.075  0.075    0.0  -10.429077    0.0025
90    B30 -0.025  0.075    0.0         0.0    0.0025
91    B30  0.025  0.075    0.0         0.0    0.0025
92    B30  0.075  0.075    0.0         0.0    0.0025
93    B30  0.125  0.075    0.0         0.0    0.0025
94    B30  0.175  0.075    0.0         0.0    0.0025
95    B30  0.225  0.075    0.0         0.0    0.0025
96    B30 -0.225  0.125    0.0  -14.076651    0.0025
97    B30 -0.175  0.125    0.0  -12.405531    0.0025
98    B30 -0.125  0.125    0.0  -10.734411    0.0025
99    B30 -0.075  0.125    0.0   -1.039462    0.0025
100   B30 -0.025  0.125    0.0         0.0    0.0025
101   B30  0.025  0.125    0.0         0.0    0.0025
102   B30  0.075  0.125    0.0         0.0    0.0025
103   B30  0.125  0.125    0.0         0.0    0.0025
104   B30  0.175  0.125    0.0         0.0    0.0025
105   B30  0.225  0.125    0.0         0.0    0.0025
106   B30 -0.225  0.175    0.0  -12.710866    0.0025
107   B30 -0.175  0.175    0.0  -11.039746    0.0025
108   B30 -0.125  0.175    0.0   -3.500101    0.0025
109   B30 -0.075  0.175    0.0         0.0    0.0025
110   B30 -0.025  0.175    0.0         0.0    0.0025
111   B30  0.025  0.175    0.0         0.0    0.0025
112   B30  0.075  0.175    0.0         0.0    0.0025
113   B30  0.125  0.175    0.0         0.0    0.0025
114   B30  0.175  0.175    0.0         0.0    0.0025
115   B30  0.225  0.175    0.0         0.0    0.0025
116  A500   0.21  -0.16    0.0   79.914965  0.000616
117  A500   0.21    0.0    0.0  296.660729  0.000154
118  A500   0.21   0.16    0.0       435.0  0.000616
119  A500    0.0  -0.16    0.0 -268.161911  0.000154
120  A500    0.0   0.16    0.0  165.329618  0.000154
121  A500  -0.21  -0.16    0.0      -400.0  0.000616
122  A500  -0.21    0.0    0.0 -399.493022  0.000154
123  A500  -0.21   0.16    0.0 -182.747258  0.000616
Convergence L/C 4 did not reached!!!
     Given     Found         u
Mx   352.0   328.805  0.008288
My   154.0   137.835  0.006773
N  -1650.0 -1535.036 -0.000257
Job time: 0.0324 seconds
