Program =RC_frame.v1.0= designed by G. Berezin in 2020
L/C 3
2_st analysis:
Sig,crc calculation:
eps,crc=0.0001435 at 25 % of L/C values
Sig,crc=55.434 MPa at 26 % of L/C values
Results after 4 iterations:
Solution: ok
    Grade     Zx     Zy    Strain     Stress      Area
0     B30  -0.25   -0.2 -0.000221  -7.188283       0.0
1     B30  -0.25  -0.15 -0.000205  -6.646627       0.0
2     B30  -0.25   -0.1 -0.000188  -6.104972       0.0
3     B30  -0.25  -0.05 -0.000171  -5.563316       0.0
4     B30  -0.25    0.0 -0.000155  -5.021661       0.0
5     B30  -0.25   0.05 -0.000138  -4.480006       0.0
6     B30  -0.25    0.1 -0.000121   -3.93835       0.0
7     B30  -0.25   0.15 -0.000105  -3.396695       0.0
8     B30  -0.25    0.2 -0.000088  -2.855039       0.0
9     B30   0.25   -0.2   0.00001   0.331754       0.0
10    B30   0.25  -0.15  0.000027   0.764527       0.0
11    B30   0.25   -0.1  0.000044   0.983431       0.0
12    B30   0.25  -0.05   0.00006   1.202335       0.0
13    B30   0.25    0.0  0.000077   1.421239       0.0
14    B30   0.25   0.05  0.000094   1.640143       0.0
15    B30   0.25    0.1   0.00011      1.725       0.0
16    B30   0.25   0.15  0.000127      1.725       0.0
17    B30   0.25    0.2  0.000144      1.725       0.0
18    B30   -0.2   -0.2 -0.000198  -6.436279       0.0
19    B30  -0.15   -0.2 -0.000175  -5.684275       0.0
20    B30   -0.1   -0.2 -0.000152  -4.932272       0.0
21    B30  -0.05   -0.2 -0.000129  -4.180268       0.0
22    B30    0.0   -0.2 -0.000105  -3.428264       0.0
23    B30   0.05   -0.2 -0.000082  -2.676261       0.0
24    B30    0.1   -0.2 -0.000059  -1.924257       0.0
25    B30   0.15   -0.2 -0.000036  -1.172253       0.0
26    B30    0.2   -0.2 -0.000013  -0.420249       0.0
27    B30   -0.2    0.2 -0.000065  -2.103036       0.0
28    B30  -0.15    0.2 -0.000042  -1.351032       0.0
29    B30   -0.1    0.2 -0.000018  -0.599028       0.0
30    B30  -0.05    0.2  0.000005   0.152975       0.0
31    B30    0.0    0.2  0.000028   0.777286       0.0
32    B30   0.05    0.2  0.000051     1.0812       0.0
33    B30    0.1    0.2  0.000074   1.385114       0.0
34    B30   0.15    0.2  0.000097   1.689028       0.0
35    B30    0.2    0.2   0.00012      1.725       0.0
36    B30 -0.225 -0.175 -0.000201  -6.541453    0.0025
37    B30 -0.175 -0.175 -0.000178  -5.789449    0.0025
38    B30 -0.125 -0.175 -0.000155  -5.037446    0.0025
39    B30 -0.075 -0.175 -0.000132  -4.285442    0.0025
40    B30 -0.025 -0.175 -0.000109  -3.533438    0.0025
41    B30  0.025 -0.175 -0.000086  -2.781435    0.0025
42    B30  0.075 -0.175 -0.000062  -2.029431    0.0025
43    B30  0.125 -0.175 -0.000039  -1.277427    0.0025
44    B30  0.175 -0.175 -0.000016  -0.525424    0.0025
45    B30  0.225 -0.175  0.000007    0.22658    0.0025
46    B30 -0.225 -0.125 -0.000185  -5.999798    0.0025
47    B30 -0.175 -0.125 -0.000161  -5.247794    0.0025
48    B30 -0.125 -0.125 -0.000138   -4.49579    0.0025
49    B30 -0.075 -0.125 -0.000115  -3.743787    0.0025
50    B30 -0.025 -0.125 -0.000092  -2.991783    0.0025
51    B30  0.025 -0.125 -0.000069  -2.239779    0.0025
52    B30  0.075 -0.125 -0.000046  -1.487776    0.0025
53    B30  0.125 -0.125 -0.000023  -0.735772    0.0025
54    B30  0.175 -0.125       0.0   0.016232    0.0025
55    B30  0.225 -0.125  0.000024   0.722022    0.0025
56    B30 -0.225 -0.075 -0.000168  -5.458142    0.0025
57    B30 -0.175 -0.075 -0.000145  -4.706139    0.0025
58    B30 -0.125 -0.075 -0.000122  -3.954135    0.0025
59    B30 -0.075 -0.075 -0.000099  -3.202131    0.0025
60    B30 -0.025 -0.075 -0.000075  -2.450128    0.0025
61    B30  0.025 -0.075 -0.000052  -1.698124    0.0025
62    B30  0.075 -0.075 -0.000029   -0.94612    0.0025
63    B30  0.125 -0.075 -0.000006  -0.194116    0.0025
64    B30  0.175 -0.075  0.000017   0.557887    0.0025
65    B30  0.225 -0.075   0.00004   0.940926    0.0025
66    B30 -0.225 -0.025 -0.000151  -4.916487    0.0025
67    B30 -0.175 -0.025 -0.000128  -4.164483    0.0025
68    B30 -0.125 -0.025 -0.000105  -3.412479    0.0025
69    B30 -0.075 -0.025 -0.000082  -2.660476    0.0025
70    B30 -0.025 -0.025 -0.000059  -1.908472    0.0025
71    B30  0.025 -0.025 -0.000036  -1.156468    0.0025
72    B30  0.075 -0.025 -0.000012  -0.404465    0.0025
73    B30  0.125 -0.025  0.000011   0.347539    0.0025
74    B30  0.175 -0.025  0.000034   0.855916    0.0025
75    B30  0.225 -0.025  0.000057    1.15983    0.0025
76    B30 -0.225  0.025 -0.000135  -4.374831    0.0025
77    B30 -0.175  0.025 -0.000111  -3.622828    0.0025
78    B30 -0.125  0.025 -0.000088  -2.870824    0.0025
79    B30 -0.075  0.025 -0.000065   -2.11882    0.0025
80    B30 -0.025  0.025 -0.000042  -1.366817    0.0025
81    B30  0.025  0.025 -0.000019  -0.614813    0.0025
82    B30  0.075  0.025  0.000004   0.137191    0.0025
83    B30  0.125  0.025  0.000027   0.770906    0.0025
84    B30  0.175  0.025   0.00005    1.07482    0.0025
85    B30  0.225  0.025  0.000074   1.378734    0.0025
86    B30 -0.225  0.075 -0.000118  -3.833176    0.0025
87    B30 -0.175  0.075 -0.000095  -3.081172    0.0025
88    B30 -0.125  0.075 -0.000072  -2.329169    0.0025
89    B30 -0.075  0.075 -0.000049  -1.577165    0.0025
90    B30 -0.025  0.075 -0.000025  -0.825161    0.0025
91    B30  0.025  0.075 -0.000002  -0.073158    0.0025
92    B30  0.075  0.075  0.000021   0.678846    0.0025
93    B30  0.125  0.075  0.000044    0.98981    0.0025
94    B30  0.175  0.075  0.000067   1.293724    0.0025
95    B30  0.225  0.075   0.00009   1.597638    0.0025
96    B30 -0.225  0.125 -0.000101  -3.291521    0.0025
97    B30 -0.175  0.125 -0.000078  -2.539517    0.0025
98    B30 -0.125  0.125 -0.000055  -1.787513    0.0025
99    B30 -0.075  0.125 -0.000032   -1.03551    0.0025
100   B30 -0.025  0.125 -0.000009  -0.283506    0.0025
101   B30  0.025  0.125  0.000014   0.468498    0.0025
102   B30  0.075  0.125  0.000038     0.9048    0.0025
103   B30  0.125  0.125  0.000061   1.208715    0.0025
104   B30  0.175  0.125  0.000084   1.512629    0.0025
105   B30  0.225  0.125  0.000107      1.725    0.0025
106   B30 -0.225  0.175 -0.000085  -2.749865    0.0025
107   B30 -0.175  0.175 -0.000061  -1.997862    0.0025
108   B30 -0.125  0.175 -0.000038  -1.245858    0.0025
109   B30 -0.075  0.175 -0.000015  -0.493854    0.0025
110   B30 -0.025  0.175  0.000008    0.25815    0.0025
111   B30  0.025  0.175  0.000031   0.819791    0.0025
112   B30  0.075  0.175  0.000054   1.123705    0.0025
113   B30  0.125  0.175  0.000077   1.427619    0.0025
114   B30  0.175  0.175    0.0001      1.725    0.0025
115   B30  0.225  0.175  0.000124      1.725    0.0025
116  A500   0.21  -0.16  0.000005   1.156904  0.000616
117  A500   0.21    0.0  0.000058  13.423316  0.000154
118  A500   0.21   0.16  0.000112  25.689728  0.000616
119  A500    0.0  -0.16 -0.000092 -18.430399  0.000154
120  A500    0.0   0.16  0.000015   3.337864  0.000154
121  A500  -0.21  -0.16 -0.000189 -37.866802  0.000616
122  A500  -0.21    0.0 -0.000136 -27.200357  0.000154
123  A500  -0.21   0.16 -0.000083 -16.533912  0.000616
Convergence is reached !
     Given    Found         u
Mx   66.75   66.748  0.000463
My   29.25   29.249  0.000333
N  -312.50 -312.513 -0.000039
Crack width calculation:
Crack width Phi1= 1.4 long -term loads calculation:
Solution: ok
 crc Abt,cm^2 As,cm^2 ds,mm  ls,m Phi1 Phi2 Phi3  Psi,s Sscrc,MPa   Ss,MPa  Es,MPa acrc,mm
   1    15.39   675.0  28.0  0.28  1.4  0.5  1.0  0.798    55.434  219.659  200000   0.172
Crack width calculation:
Crack width Phi1= 1.0 short -term loads calculation:
Solution: ok
 crc Abt,cm^2 As,cm^2 ds,mm  ls,m Phi1 Phi2 Phi3  Psi,s Sscrc,MPa   Ss,MPa  Es,MPa acrc,mm
   2    15.39   675.0  28.0  0.28  1.0  0.5  1.0  0.856    55.434  307.028  200000   0.184
Crack width calculation:
Crack width Phi1= 1.0 long -term loads calculation:
Solution: ok
 crc Abt,cm^2 As,cm^2 ds,mm  ls,m Phi1 Phi2 Phi3  Psi,s Sscrc,MPa   Ss,MPa  Es,MPa acrc,mm
   3    15.39   675.0  28.0  0.28  1.0  0.5  1.0  0.798    55.434  219.659  200000   0.123
acrc= 0.233 mm
Job time: 0.146 seconds
