Program =RC_slab.v1.0= designed by G. Berezin in 2020
L/C 8
1_st analysis:
Solution: ok
Results after 1 iterations:
   Grade      Z   Strain1   Strain2   Stress1   Stress2 Angle      Area
0    B60   0.25 -0.000018 -0.000059 -0.724243 -2.324243  45.0       0.0
1    B60   0.24 -0.000018 -0.000059 -0.724243 -2.324243  45.0      0.02
2    B60   0.22 -0.000018 -0.000059 -0.724243 -2.324243  45.0      0.02
3    B60    0.2 -0.000018 -0.000059 -0.724243 -2.324243  45.0      0.02
4    B60   0.18 -0.000018 -0.000059 -0.724243 -2.324243  45.0      0.02
5    B60   0.16 -0.000018 -0.000059 -0.724243 -2.324243  45.0      0.02
6    B60   0.14 -0.000018 -0.000059 -0.724243 -2.324243  45.0      0.02
7    B60   0.12 -0.000018 -0.000059 -0.724243 -2.324243  45.0      0.02
8    B60    0.1 -0.000018 -0.000059 -0.724243 -2.324243  45.0      0.02
9    B60   0.08 -0.000018 -0.000059 -0.724243 -2.324243  45.0      0.02
10   B60   0.06 -0.000018 -0.000059 -0.724243 -2.324243  45.0      0.02
11   B60   0.04 -0.000018 -0.000059 -0.724243 -2.324243  45.0      0.02
12   B60   0.02 -0.000018 -0.000059 -0.724243 -2.324243  45.0      0.02
13   B60    0.0 -0.000018 -0.000059 -0.724243 -2.324243  45.0      0.02
14   B60  -0.02 -0.000018 -0.000059 -0.724243 -2.324243  45.0      0.02
15   B60  -0.04 -0.000018 -0.000059 -0.724243 -2.324243  45.0      0.02
16   B60  -0.06 -0.000018 -0.000059 -0.724243 -2.324243  45.0      0.02
17   B60  -0.08 -0.000018 -0.000059 -0.724243 -2.324243  45.0      0.02
18   B60   -0.1 -0.000018 -0.000059 -0.724243 -2.324243  45.0      0.02
19   B60  -0.12 -0.000018 -0.000059 -0.724243 -2.324243  45.0      0.02
20   B60  -0.14 -0.000018 -0.000059 -0.724243 -2.324243  45.0      0.02
21   B60  -0.16 -0.000018 -0.000059 -0.724243 -2.324243  45.0      0.02
22   B60  -0.18 -0.000018 -0.000059 -0.724243 -2.324243  45.0      0.02
23   B60   -0.2 -0.000018 -0.000059 -0.724243 -2.324243  45.0      0.02
24   B60  -0.22 -0.000018 -0.000059 -0.724243 -2.324243  45.0      0.02
25   B60  -0.24 -0.000018 -0.000059 -0.724243 -2.324243  45.0      0.02
26   B60  -0.25 -0.000018 -0.000059 -0.724243 -2.324243  45.0       0.0
27  A500  0.178 -0.000039       0.0 -7.717687       0.0   0.0  0.002454
28  A500  0.153 -0.000039       0.0 -7.717687       0.0  90.0  0.002454
29  A500 -0.153 -0.000039       0.0 -7.717687       0.0  90.0  0.002454
30  A500 -0.178 -0.000039       0.0 -7.717687       0.0   0.0  0.002454
Convergence is reached !
     Given  Found             u
Nxx   -0.8   -0.8 -3.858844e-05
Nyy   -0.8   -0.8 -3.858844e-05
Nxy    0.4    0.4  4.050633e-05
Mxx    0.0    0.0  7.445667e-21
Myy    0.0    0.0  7.585091e-21
Mxy    0.0   -0.0 -8.407442e-21
Job time: 0.0247 seconds
